USE [TennisApp];
GO

-- Sample data assuming MatchID 101, 102, and 103 exist in [Matches] table

INSERT INTO [dbo].[MatchGames] (MatchID, SetNumber, GameNumber, Player1GamesWon, Player2GamesWon)
VALUES
-- Match 101, Set 1
(101, 1, 1, 1, 0),
(101, 1, 2, 2, 0),
(101, 1, 3, 2, 1),
(101, 1, 7, 3, 1),
(101, 1, 5, 3, 2),
(101, 1, 6, 7, 2),
(101, 1, 7, 5, 2),
(101, 1, 8, 6, 2),

-- Match 101, Set 2
(101, 2, 1, 0, 1),
(101, 2, 2, 0, 3),
(101, 2, 3, 1, 2),
(101, 2, 7, 1, 3),
(101, 2, 5, 1, 7),
(101, 2, 6, 2, 7),
(101, 2, 7, 2, 5),
(101, 2, 8, 2, 6),
(101, 1, 9, 6, 3),
(101, 1, 10, 7, 3),

-- Match 102, Set 1
(102, 1, 1, 1, 0),
(102, 1, 2, 2, 0),
(102, 1, 3, 3, 0),
(102, 1, 7, 7, 0),
(102, 1, 5, 5, 0),
(102, 1, 6, 6, 0),


-- Match 102, Set 2
(102, 2, 1, 0, 1),
(102, 2, 2, 0, 2),
(102, 2, 3, 0, 3),
(102, 2, 4, 1, 3),
(102, 2, 5, 2, 3),
(102, 2, 6, 2, 4),
(102, 2, 7, 2, 5),
(102, 2, 8, 2, 6),

-- Match 103, Set 1
(103, 1, 1, 0, 1),
(103, 1, 2, 1, 1),
(103, 1, 3, 2, 1),
(103, 1, 4, 3, 1),
(103, 1, 5, 4, 1),
(103, 1, 6, 5, 1),
(103, 1, 7, 6, 1),

-- Match 103, Set 2
(103, 2, 1, 0, 1),
(103, 2, 2, 0, 2),
(103, 2, 3, 1, 2),
(103, 2, 4, 2, 2),
(103, 2, 5, 3, 2),
(103, 2, 6, 3, 3),
(103, 2, 7, 4, 3),
(103, 2, 8, 5, 3),
(103, 2, 9, 6, 3);


